"ID of error","error","URL for error","msg"
367307,"... + ...","file:///tmp/GitClone/gear-lib/librtsp/request_handle.c:147:19:147:45","Potential buffer-overflow: 'buf' has size 8192 not 16384."
